15  5
0.174868  0.237752  0.177683  0.181619  0.228077  
22.1894  8.40126  -14.8149  -49.6559  -39.9642  -24.6727  -16.2131  -23.069  -0.0610877  -0.877798  0.0763734  -0.125708  0.00536129  -0.122123  0.029087  
73.5543  38.0848  -35.7378  -44.9513  -38.4756  -31.5952  -20.1504  -13.1964  0.654382  0.65632  0.0235257  0.210223  -0.186838  0.148154  0.150395  
124.232  15.2246  -9.8679  -50.356  -42.6401  -21.5118  -11.3147  -20.0884  -0.72207  -0.200661  -0.366612  -0.583041  0.585052  -0.0112435  -0.191286  
169.833  22.6696  -9.93146  -63.1652  -83.5784  -12.3651  -19.579  -21.3517  0.331673  0.151044  -0.00267532  -0.617959  -0.0516279  -0.2461  0.0359803  
220.159  27.2631  -4.59346  -62.1095  -86.7427  -11.7218  -23.248  -20.9172  0.000937548  0.0207889  0.00632846  -0.00162976  7.63869e-22  0.000572372  -0.000132313  
206.646  20.9258  -118.871  18.3701  17.1333  16.9775  -21.6962  22.6852  -0.51219  -5.89758  1.92534  -1.07124  0.352817  -1.61246  0.393804  
20.9258  433.547  25.8154  940.907  98.7786  -246.715  41.822  61.3592  -1.07982  2.33224  -0.0464262  -0.257187  3.7422  -2.54403  -1.60928  
-118.871  25.8154  252.432  -86.6683  133.429  81.1364  13.7984  25.0327  0.52615  7.26689  -2.25431  -0.523206  -0.363498  0.591746  -0.589057  
18.3701  940.907  -86.6683  2364.23  24.5426  -701.484  75.835  53.9725  -3.18701  0.647951  0.862456  1.04877  9.36775  -5.58226  -4.03413  
17.1333  98.7786  133.429  24.5426  314.458  181.671  -46.2286  54.3984  0.606105  4.53069  -0.941489  -1.56075  0.601809  -0.402227  0.261733  
16.9775  -246.715  81.1364  -701.484  181.671  348.181  -75.005  2.22321  1.24821  1.3735  -0.420218  -1.17484  -2.17345  1.2889  1.69943  
-21.6962  41.822  13.7984  75.835  -46.2286  -75.005  36.1439  10.0007  -0.069025  1.04812  -0.223078  0.264138  -0.00417537  0.0169469  -0.439621  
22.6852  61.3592  25.0327  53.9725  54.3984  2.22321  10.0007  31.4201  0.0420004  1.40021  -0.174028  -0.223194  0.106106  -0.269043  -0.0691993  
-0.51219  -1.07982  0.52615  -3.18701  0.606105  1.24821  -0.069025  0.0420004  0.0312043  0.101935  0.00134315  -0.00539239  -0.0277479  0.0396294  0.0137828  
-5.89758  2.33224  7.26689  0.647951  4.53069  1.3735  1.04812  1.40021  0.101935  1.32172  -0.0939486  0.208718  0.0144254  0.164133  -0.0311618  
1.92534  -0.0464262  -2.25431  0.862456  -0.941489  -0.420218  -0.223078  -0.174028  0.00134315  -0.0939486  0.126115  -0.00886596  0.0192238  -0.0200513  0.0204492  
-1.07124  -0.257187  -0.523206  1.04877  -1.56075  -1.17484  0.264138  -0.223194  -0.00539239  0.208718  -0.00886596  0.163928  0.0124534  0.0233341  -0.0108545  
0.352817  3.7422  -0.363498  9.36775  0.601809  -2.17345  -0.00417537  0.106106  -0.0277479  0.0144254  0.0192238  0.0124534  0.135058  -0.0675709  -0.0128192  
-1.61246  -2.54403  0.591746  -5.58226  -0.402227  1.2889  0.0169469  -0.269043  0.0396294  0.164133  -0.0200513  0.0233341  -0.0675709  0.109865  0.0111882  
0.393804  -1.60928  -0.589057  -4.03413  0.261733  1.69943  -0.439621  -0.0691993  0.0137828  -0.0311618  0.0204492  -0.0108545  -0.0128192  0.0111882  0.0406797  
407.315  175.011  225.202  -72.6152  144.174  23.7885  8.07245  106.948  -15.9285  11.8401  -4.9434  0.0904784  2.93953  3.42033  -5.40469  
175.011  482.578  98.4469  595.907  -102.012  -129.834  52.1457  61.448  -12.7017  13.8647  -10.958  -2.30354  2.89212  5.83239  -3.07677  
225.202  98.4469  359.228  -130.532  104.422  -115.853  103.297  -12.3206  -15.6775  7.01188  -2.43902  0.467539  1.91096  -0.302049  -5.05792  
-72.6152  595.907  -130.532  1909.8  -422.276  -82.1691  -69.112  35.9506  -4.53058  1.48682  -11.5292  -7.66428  4.82136  4.28759  3.04189  
144.174  -102.012  104.422  -422.276  226.299  68.8584  -14.319  44.6287  -3.906  0.881758  1.76425  -1.134  -0.0698532  -0.982329  -1.77323  
23.7885  -129.834  -115.853  -82.1691  68.8584  229.18  -84.588  94.5048  4.25703  -4.50064  3.28796  -0.376011  -0.931295  -0.0585049  1.73505  
8.07245  52.1457  103.297  -69.112  -14.319  -84.588  92.9948  -10.5091  -3.28099  4.31785  -1.27467  1.90721  -0.0681355  0.61583  -1.72502  
106.948  61.448  -12.3206  35.9506  44.6287  94.5048  -10.5091  103.143  -2.14571  2.84043  -1.20485  -0.270485  0.138527  2.06551  -0.675929  
-15.9285  -12.7017  -15.6775  -4.53058  -3.906  4.25703  -3.28099  -2.14571  2.00659  -0.552594  0.581237  0.0917599  -0.321665  -0.17099  0.357152  
11.8401  13.8647  7.01188  1.48682  0.881758  -4.50064  4.31785  2.84043  -0.552594  1.74716  -0.351163  0.54473  -0.0703843  0.375333  -0.195911  
-4.9434  -10.958  -2.43902  -11.5292  1.76425  3.28796  -1.27467  -1.20485  0.581237  -0.351163  0.637446  0.117463  -0.234777  -0.16541  0.107729  
0.0904784  -2.30354  0.467539  -7.66428  -1.134  -0.376011  1.90721  -0.270485  0.0917599  0.54473  0.117463  0.942891  -0.237084  0.041811  0.0308819  
2.93953  2.89212  1.91096  4.82136  -0.0698532  -0.931295  -0.0681355  0.138527  -0.321665  -0.0703843  -0.234777  -0.237084  0.265233  -0.0024854  -0.0623314  
3.42033  5.83239  -0.302049  4.28759  -0.982329  -0.0585049  0.61583  2.06551  -0.17099  0.375333  -0.16541  0.041811  -0.0024854  0.246066  -0.0360384  
-5.40469  -3.07677  -5.05792  3.04189  -1.77323  1.73505  -1.72502  -0.675929  0.357152  -0.195911  0.107729  0.0308819  -0.0623314  -0.0360384  0.25918  
258.876  -150.833  -22.6804  -175.159  -47.1069  169.346  -30.131  -25.3523  12.5377  0.573744  -1.83247  -5.55882  -3.82629  0.142499  1.32467  
-150.833  401.72  19.2854  283.768  41.4406  -33.4686  69.2616  121.907  -10.4687  1.55185  -4.66867  1.83355  2.21192  0.0375447  -2.67282  
-22.6804  19.2854  50.3027  84.9703  72.0294  -49.7457  -27.2517  5.59661  -4.6836  -0.573969  -1.20969  -0.110249  1.20131  -0.0983156  -0.990581  
-175.159  283.768  84.9703  1131.14  153.339  -207.388  6.99276  117.699  -1.99664  4.46236  -14.6368  8.62813  0.697908  -1.23964  -0.50502  
-47.1069  41.4406  72.0294  153.339  170.422  -29.0014  -24.9455  25.7999  -8.75755  -0.368462  0.968763  3.61585  0.993072  -0.0155574  -1.88571  
169.346  -33.4686  -49.7457  -207.388  -29.0014  288.502  54.3971  21.6978  5.97754  1.01725  -0.329307  -0.974433  -2.10467  0.475597  0.518328  
-30.131  69.2616  -27.2517  6.99276  -24.9455  54.3971  50.2989  23.149  -0.378986  0.698  -0.115035  1.45057  0.136781  -0.0386224  -0.121075  
-25.3523  121.907  5.59661  117.699  25.7999  21.6978  23.149  48.4956  -2.30351  0.756495  -1.8741  0.948829  0.102229  0.142426  -0.822026  
12.5377  -10.4687  -4.6836  -1.99664  -8.75755  5.97754  -0.378986  -2.30351  2.16527  0.172601  -0.165816  -0.445762  -0.684461  0.0203222  0.32629  
0.573744  1.55185  -0.573969  4.46236  -0.368462  1.01725  0.698  0.756495  0.172601  0.0919773  -0.0819754  0.0531093  -0.0773517  0.00166649  0.0301566  
-1.83247  -4.66867  -1.20969  -14.6368  0.968763  -0.329307  -0.115035  -1.8741  -0.165816  -0.0819754  1.92077  0.442679  -0.60742  0.0223393  -0.0834845  
-5.55882  1.83355  -0.110249  8.62813  3.61585  -0.974433  1.45057  0.948829  -0.445762  0.0531093  0.442679  0.757022  0.0288108  -0.0115454  -0.05215  
-3.82629  2.21192  1.20131  0.697908  0.993072  -2.10467  0.136781  0.102229  -0.684461  -0.0773517  -0.60742  0.0288108  0.782573  0.000666948  -0.083871  
0.142499  0.0375447  -0.0983156  -1.23964  -0.0155574  0.475597  -0.0386224  0.142426  0.0203222  0.00166649  0.0223393  -0.0115454  0.000666948  0.0278767  -0.00656671  
1.32467  -2.67282  -0.990581  -0.50502  -1.88571  0.518328  -0.121075  -0.822026  0.32629  0.0301566  -0.0834845  -0.05215  -0.083871  -0.00656671  0.127167  
267.62  38.9803  31.2069  8.09285  -94.8126  -31.4368  -60.0949  17.4762  -3.94224  1.03912  1.68827  11.3244  0.63032  2.79154  -0.109364  
38.9803  65.3957  10.6081  -8.84159  -75.8837  -0.464071  -18.5421  10.0339  -2.03374  1.18586  1.06512  6.11183  -0.20276  -0.271486  -0.146845  
31.2069  10.6081  21.3399  7.41154  4.84841  10.7667  -13.4749  7.76544  -1.05478  -0.306313  -0.396426  2.18631  0.382336  0.850173  -0.30977  
8.09285  -8.84159  7.41154  8.22581  17.7016  3.09584  -1.98433  0.683015  -0.0193729  -0.322884  -0.628787  -0.182056  0.257447  0.785799  -0.0349825  
-94.8126  -75.8837  4.84841  17.7016  184.98  60.7427  36.5007  -4.88187  3.02237  -2.86842  -3.03295  -11.2629  0.0107289  -0.39113  -0.425512  
-31.4368  -0.464071  10.7667  3.09584  60.7427  78.5256  -1.20328  8.37806  0.725134  -1.078  -0.969826  -3.84898  -0.213581  -1.24387  -0.494009  
-60.0949  -18.5421  -13.4749  -1.98433  36.5007  -1.20328  35.1556  -9.53677  1.40893  -0.468517  -0.988557  -3.6672  -0.379591  -0.937006  0.1103  
17.4762  10.0339  7.76544  0.683015  -4.88187  8.37806  -9.53677  14.709  -1.08731  0.109342  0.109503  1.2025  -0.269362  -0.406139  -0.221988  
-3.94224  -2.03374  -1.05478  -0.0193729  3.02237  0.725134  1.40893  -1.08731  0.210681  -0.0426879  -0.0492729  -0.379495  0.0119119  -0.0380369  0.0203137  
1.03912  1.18586  -0.306313  -0.322884  -2.86842  -1.078  -0.468517  0.109342  -0.0426879  0.0944086  0.0731682  0.151329  -0.00997114  0.000877192  0.0108077  
1.68827  1.06512  -0.396426  -0.628787  -3.03295  -0.969826  -0.988557  0.109503  -0.0492729  0.0731682  0.223626  0.193676  -0.0175344  -0.0248634  0.00510022  
11.3244  6.11183  2.18631  -0.182056  -11.2629  -3.84898  -3.6672  1.2025  -0.379495  0.151329  0.193676  1.37004  0.0414573  0.182013  -0.0258958  
0.63032  -0.20276  0.382336  0.257447  0.0107289  -0.213581  -0.379591  -0.269362  0.0119119  -0.00997114  -0.0175344  0.0414573  0.0472528  0.0747227  0.00166745  
2.79154  -0.271486  0.850173  0.785799  -0.39113  -1.24387  -0.937006  -0.406139  -0.0380369  0.000877192  -0.0248634  0.182013  0.0747227  0.248591  0.00761138  
-0.109364  -0.146845  -0.30977  -0.0349825  -0.425512  -0.494009  0.1103  -0.221988  0.0203137  0.0108077  0.00510022  -0.0258958  0.00166745  0.00761138  0.0189791  
319.506  -13.9814  4.17777  0.50243  -3.62524  -13.4781  1.62536  5.3116  -0.0657774  -0.208189  -0.443998  0.034757  -6.68378e-20  -0.00882034  -0.0162661  
-13.9814  46.121  1.53411  -5.19152  2.68878  17.0618  4.39069  -7.49872  -0.0263158  -0.0568188  -0.177632  0.114517  3.01072e-21  -0.00325358  -0.000335517  
4.17777  1.53411  1.98936  0.462494  1.18328  -6.40041  0.663709  1.3158  -0.0151264  -0.0285325  -0.102104  0.024733  2.73926e-20  -0.000712376  -0.00264209  
0.50243  -5.19152  0.462494  1.25227  0.174819  -1.23185  -1.67359  1.53913  -0.0123602  -0.00345353  -0.0834312  0.0252357  -5.59211e-20  -0.000397042  -0.00177391  
-3.62524  2.68878  1.18328  0.174819  2.63236  -1.19771  -1.33078  1.36304  0.0197988  -0.0173868  0.133643  -0.0511961  6.14346e-20  0.00170197  0.00135492  
-13.4781  17.0618  -6.40041  -1.23185  -1.19771  70.0047  -18.7993  -2.34317  -0.0129067  0.0452095  -0.0871207  0.249427  -3.51281e-20  -0.00231229  0.00127787  
1.62536  4.39069  0.663709  -1.67359  -1.33078  -18.7993  11.6143  -5.8176  0.00655174  -0.0219347  0.0442243  -0.0846205  4.89833e-21  -0.00128496  0.00256147  
5.3116  -7.49872  1.3158  1.53913  1.36304  -2.34317  -5.8176  7.1343  -0.00998508  0.0175839  -0.0673994  0.0148129  -6.02535e-21  0.000958597  -0.00520992  
-0.0657774  -0.0263158  -0.0151264  -0.0123602  0.0197988  -0.0129067  0.00655174  -0.00998508  0.00110781  -1.94905e-05  0.00741028  -0.00192121  -3.19127e-21  6.8185e-05  0.000137475  
-0.208189  -0.0568188  -0.0285325  -0.00345353  -0.0173868  0.0452095  -0.0219347  0.0175839  -1.94905e-05  0.00297758  -0.000131561  -0.00124548  -6.16348e-22  6.95205e-06  4.18279e-05  
-0.443998  -0.177632  -0.102104  -0.0834312  0.133643  -0.0871207  0.0442243  -0.0673994  0.00741028  -0.000131561  0.0500293  -0.0129681  5.05936e-21  0.000460249  0.000927958  
0.034757  0.114517  0.024733  0.0252357  -0.0511961  0.249427  -0.0846205  0.0148129  -0.00192121  -0.00124548  -0.0129681  0.0190223  -1.65709e-21  3.10088e-05  -0.000316723  
-6.68378e-20  3.01072e-21  2.73926e-20  -5.59211e-20  6.14346e-20  -3.51281e-20  4.89833e-21  -6.02535e-21  -3.19127e-21  -6.16348e-22  5.05936e-21  -1.65709e-21  1e-05  -2.03644e-22  -1.00963e-21  
-0.00882034  -0.00325358  -0.000712376  -0.000397042  0.00170197  -0.00231229  -0.00128496  0.000958597  6.8185e-05  6.95205e-06  0.000460249  3.10088e-05  -2.03644e-22  0.00114163  -4.77575e-05  
-0.0162661  -0.000335517  -0.00264209  -0.00177391  0.00135492  0.00127787  0.00256147  -0.00520992  0.000137475  4.18279e-05  0.000927958  -0.000316723  -1.00963e-21  -4.77575e-05  0.00158919  
